1
4
6
7
9
10
11
12
13
16
17
18
19
20
21
22
23
24
27
28
29
30
31
33
35
36
37
38
40
41
43
45
46
47
48
50
51
53
54
58
59
60
61
63
64
65
66
67
68
69
71
72
73
75
76
77
82
83
84
85
86
87
89
90
91
92
93
94
95
96
97
98
99
105
106
108
109
110
111
114
115
116
117
118
121
122
123
125
129
130
131
132
133
135
136
137
139
140
141
142
143
145
146
147
148
149
150
151
152
153
154
159
160
161
162
163
164
165
166
167
170
172
173
175
176
178
179
180
181
184
185
186
189
190
191
192
193
194
195
196
198
199
200
201
202
203
205
207
208
209
212
214
215
216
217
219
220
221
223
224
226
227
228
231
232
233
235
236
238
240
241
242
243
245
247
248
249
251
254
255
256
257
259
262
263
264
265
266
267
268
270
272
273
274
276
278
279
280
283
284
285
286
287
288
289
291
293
294
295
296
297
298
299
300
302
304
306
309
310
311
313
314
315
316
318
320
321
322
323
324
327
328
330
331
332
333
336
340
342
344
346
347
348
351
352
353
355
356
357
358
359
360
361
362
363
364
367
368
369
370
371
372
375
376
379
380
381
382
385
387
388
393
394
397
398
399
401
404
405
406
407
409
410
411
412
413
414
415
417
418
419
422
423
424
426
428
429
430
432
433
437
438
439
441
442
444
445
447
449
450
452
453
454
458
460
461
462
463
465
466
468
469
470
471
473
475
476
477
478
479
480
481
482
483
484
485
486
487
489
490
492
495
496
497
499
500
501
504
505
506
507
509
510
512
513
514
515
516
517
518
519
520
521
526
527
528
529
530
531
532
535
536
538
539
541
542
545
547
549
550
551
552
553
554
555
556
557
559
560
561
562
564
565
566
567
568
569
570
571
573
574
576
577
579
581
582
583
584
586
588
589
590
591
594
595
597
598
599
600
601
602
604
605
606
607
608
609
610
611
612
613
614
615
616
618
620
622
623
625
626
628
629
630
631
632
633
634
635
637
638
639
640
641
643
645
646
647
648
650
651
652
653
655
658
661
665
666
667
668
669
670
671
672
673
675
677
679
680
681
682
684
685
686
689
690
691
692
694
695
696
697
700
701
702
704
706
707
709
710
711
712
713
714
715
716
717
719
720
721
722
723
725
726
727
728
731
732
733
735
736
738
739
740
741
742
743
745
746
747
748
749
751
752
753
754
755
756
758
759
760
761
763
765
766
768
770
772
773
775
776
777
778
782
783
784
785
786
787
788
789
790
791
794
795
796
798
800
801
802
805
806
807
808
810
811
812
813
814
815
816
818
819
820
825
826
827
828
830
831
832
835
837
838
839
841
844
845
848
849
850
851
852
854
855
856
857
858
859
860
861
863
864
865
866
868
869
870
871
873
874
875
876
878
879
881
882
883
884
887
888
889
890
891
892
894
895
896
898
899
900
901
902
906
907
909
910
911
912
914
916
918
921
923
924
925
926
927
929
930
931
932
933
936
937
938
939
940
941
943
945
946
947
948
949
951
952
953
954
955
956
957
959
960
961
963
964
966
967
968
969
970
972
973
974
975
976
978
979
980
982
983
984
986
987
988
989
991
992
993
994
995
997
999
1001
1002
1003
1004
1005
1006
1008
1012
1013
1015
1016
1018
1020
1022
1023
1024
1025
1026
1029
1031
1032
1036
1039
1040
1041
1043
1044
1045
1047
1048
1049
1050
1051
1053
1055
1056
1058
1059
1060
1061
1062
1063
1065
1066
1069
1070
1071
1072
1074
1075
1079
1081
1082
1084
1086
1087
1088
1089
1092
1093
1095
1096
1098
1099
1100
1101
1105
1106
1107
1110
1111
1112
1113
1114
1115
1116
1117
1118
1119
1120
1121
1122
1123
1124
1125
1126
1128
1129
1130
1131
1132
1134
1135
1137
1139
1141
1142
1143
1144
1145
1146
1147
1148
1149
1150
1151
1152
1157
1160
1161
1164
1167
1168
1169
1170
1172
1178
1179
1180
1181
1183
1185
1186
1187
1189
1191
1192
1193
1194
1195
1197
1198
1199
1201
1202
1203
1204
1205
1206
1208
1210
1211
1212
1214
1215
1216
1218
1219
1221
1222
1226
1227
1228
1231
1233
1234
1235
1237
1238
1240
1242
1244
1245
1246
1248
1249
1250
1251
1255
1257
1259
1260
1261
1262
1264
1265
1266
1268
1270
1271
1272
1274
1275
1276
1277
1278
1279
1280
1282
1284
1293
1294
1295
1297
1299
1300
1301
1303
1305
1307
1308
1310
1312
1313
1314
1315
1317
1318
1319
1320
1323
1324
1325
1326
1327
1329
1331
1333
1334
1336
1338
1340
1343
1345
1347
1349
1350
1352
1353
1354
1356
1360
1362
1364
1366
1367
1368
1369
1370
1371
1372
1373
1374
1379
1380
1381
1382
1383
1384
1385
1386
1387
1393
1394
1395
1396
1397
1398
1399
1400
1406
1407
1408
1409
1410
1413
1414
1415
1417
1418
1419
1420
1422
1423
1425
1426
1428
1431
1435
1436
1439
1441
1442
1443
1444
1450
1451
