2
5
9
10
14
15
19
21
22
28
31
32
35
41
42
44
45
52
53
62
66
67
70
71
72
73
76
86
88
92
93
109
112
113
114
115
118
120
126
130
131
133
135
140
141
143
155
156
159
166
169
170
173
174
177
183
189
191
194
198
199
200
202
203
205
206
207
208
215
216
218
223
226
227
228
231
233
236
239
246
259
260
261
263
266
270
272
277
278
279
281
283
290
295
296
297
300
301
303
305
310
312
318
319
324
325
329
332
337
347
348
349
352
354
359
363
367
370
375
381
382
389
393
395
398
408
414
422
424
429
434
436
446
452
457
458
459
462
463
466
468
473
475
487
488
489
490
493
494
500
509
511
519
521
522
525
529
534
536
537
544
545
546
549
552
555
558
559
565
570
579
581
583
590
591
592
594
602
603
607
619
621
622
623
625
634
635
638
640
642
643
646
648
654
655
656
658
670
672
676
680
693
696
698
701
711
714
719
722
727
733
735
737
738
745
748
773
774
778
780
784
787
789
808
813
826
831
834
855
857
863
864
868
872
884
888
898
918
919
922
931
932
936
937
938
945
954
956
957
962
965
967
981
984
988
991
998
999
1000
1002
1004
1005
1010
1016
1017
1020
1026
1027
1029
1031
1032
1037
1044
1046
1050
1051
1052
1059
1063
1065
1068
1077
1079
1081
1088
1097
1100
1103
1105
1106
1112
1118
1121
1122
1129
1130
1131
1133
1135
1136
1138
1139
1141
1150
1152
1153
1154
1157
1158
1162
1165
1166
1167
1173
1182
1184
1185
1196
1197
1199
1202
1205
1207
1210
1211
1214
1221
1225
1242
1243
1247
1250
1251
1261
1262
1269
1276
1279
1282
1283
1286
1290
1291
1293
1295
1296
1304
1305
1306
1311
1317
1324
1332
1334
1340
1341
1342
1344
1345
1356
1359
1360
1365
1368
1371
1376
1383
1386
1392
1398
1399
1400
1401
1413
1420
1426
1434
1436
1437
1438
1443
1445
1451
1452
1461
1467
1472
1475
1476
1477
1480
1491
1500
1502
1503
1505
1525
1535
1538
1541
1542
1551
1554
1558
1560
1563
1566
1569
1578
1579
1581
1587
1591
1595
1596
1608
1610
1613
1614
1618
1624
1625
1626
1627
1634
1635
1640
1648
1653
1656
1658
1662
1668
1672
1679
1682
1684
1693
1701
1711
1714
1724
1725
1727
1732
1738
1739
1752
1754
1755
1760
1766
1769
1781
1794
1803
1804
1807
1810
1811
1814
1819
1824
1826
1827
1834
1841
1846
1852
1861
1864
1866
1873
1884
1886
1887
1914
1915
1920
1925
1928
1940
1941
1944
1945
1951
1952
1962
1967
1969
1976
1980
1982
1994
1998
1999
2003
2013
2014
2017
2023
2024
2027
2034
2055
2057
2061
2065
2066
2070
2074
2090
2097
2101
2103
2104
2106
2111
2115
2117
2120
2123
2130
2134
2136
2139
2141
2151
2152
2154
2167
2176
2184
2193
2203
2208
2214
2216
2217
2219
2222
2224
2228
2232
2234
2235
2236
2254
2265
2277
2282
2284
2286
2291
2294
2297
2308
2317
2318
2335
2339
2345
2353
2356
2362
2373
2379
2380
2389
2390
2391
2403
2404
2405
2413
2418
2421
2422
2423
2425
2427
2433
2435
2438
2451
2458
2459
2460
2462
2465
2470
2478
2481
2487
2491
2494
2499
2500
2501
2502
2506
2516
2517
2525
2530
2544
2549
2557
2560
2564
2568
2570
2572
2577
2581
2583
2585
2588
2596
2597
2613
2619
2625
2626
2628
2629
2633
2644
2652
2654
2662
2677
2681
2686
2691
2692
2696
2698
2700
2703
2712
2730
2731
2736
2742
2744
2751
2770
2772
2774
2777
2782
2784
2786
2791
2802
2808
2810
2819
2822
2834
2835
2836
2840
2842
2846
2848
2849
2851
2862
2867
2870
2872
2877
2885
2887
2889
2895
2903
2904
2911
2913
2917
2919
2930
2938
2943
2957
2959
2966
2967
2973
2976
2977
2978
2986
2995
3009
3010
3013
3023
3044
3047
3049
3055
3064
3066
3073
3080
3086
3087
3093
3094
3098
3099
3101
3103
3108
3111
3121
3122
3123
3126
3131
3134
3136
3140
3146
3149
3161
3165
3198
3208
3213
3218
3224
3229
3232
3240
3246
3249
3251
3255
3257
3275
3279
3281
3282
3289
3296
3301
3304
3308
3309
3312
3322
3323
3332
3337
3342
3348
3351
3355
3356
3358
3363
3364
3366
3367
3370
3383
3386
3388
3397
3410
3412
3414
3418
3419
3422
3429
3430
3438
3440
3442
3450
3455
3456
3468
3472
3475
3477
3483
3485
3494
3498
3510
3518
3530
3539
3543
3546
3551
3559
3562
3566
3570
3573
3574
3576
3584
3586
3588
3592
3595
3598
3600
3601
3602
3603
3606
3612
3617
3619
3621
3630
3631
3656
3661
3666
3670
3673
3675
3677
3678
3688
3691
3698
3704
3706
3725
3728
3733
3736
3748
3760
3776
3786
3788
3789
3790
3792
3794
3796
3800
3811
3812
3817
3818
3822
3826
3830
3832
3835
3836
3844
3856
3859
3869
3873
3887
3888
3890
3893
3896
3901
3902
3905
3909
3913
3928
3937
3945
3948
3953
3956
3958
3960
3980
3982
3995
4002
4004
4005
4021
4022
4025
4029
4031
4036
4041
4043
4045
4049
4055
4061
4062
4064
4065
4066
4068
4071
4072
4082
4086
4092
4100
4110
4113
4117
4118
4122
4125
4126
4129
4138
4140
4143
4158
4159
4162
4172
4173
4176
4179
4180
4183
4185
4186
4200
4202
4209
4216
4239
4243
4246
4253
4275
4279
4292
4296
4301
4304
4306
4308
4314
4324
4325
4332
4334
4338
4343
4346
4351
4355
4356
4365
4368
4371
4373
4376
4383
4388
4392
4395
4396
4404
4407
4408
4413
4414
4424
4427
4429
4430
4443
4444
4446
4448
4457
4468
4477
4479
4483
4485
4486
4491
4513
4517
4520
