5
8
11
16
17
23
27
31
38
39
42
43
55
56
58
59
70
72
76
78
81
83
87
88
94
97
99
100
105
108
111
119
120
126
127
128
134
138
147
153
154
160
167
168
169
173
175
176
177
178
181
182
185
186
216
220
223
224
225
229
233
234
238
242
245
246
250
260
262
264
268
272
279
282
283
284
285
288
289
299
310
315
330
332
342
344
345
346
358
361
372
373
374
377
379
380
397
398
418
431
434
436
437
441
447
454
455
456
458
462
463
472
477
487
490
491
499
501
505
506
507
514
518
519
525
526
531
532
533
547
548
549
557
572
576
579
584
586
590
599
605
615
618
620
622
626
629
634
635
642
645
647
656
666
669
672
687
690
691
693
703
708
715
726
742
744
746
751
758
771
779
782
799
802
804
806
809
812
825
827
833
835
837
849
851
862
865
869
873
893
895
896
901
911
912
917
937
946
960
964
967
976
977
978
979
985
986
990
993
995
997
1008
1013
1022
1032
1037
1040
1042
1045
1050
1059
1061
1063
1066
1074
1076
1088
1094
1100
1103
1132
1147
1149
1151
1153
1161
1163
1171
1173
1179
1181
1193
1194
1205
1207
1208
1213
1224
1227
1245
1247
1249
1253
1274
1276
1277
1278
1279
1281
1287
1290
1292
1293
1301
1302
1309
1311
1328
1330
1334
1347
1350
1351
1372
1376
1387
1389
1392
1406
1426
1430
1445
1447
1452
1453
1458
1467
1471
1473
1476
1485
1487
1490
1494
1495
1497
1505
1506
1509
1511
1513
1523
1547
1551
1552
1554
1562
1570
1571
1575
1577
1578
1579
1580
1591
1598
1615
1624
1628
1642
1645
1649
1657
1663
1664
1676
1682
1684
1687
1688
1689
1703
1705
1711
1713
1716
1722
1724
1731
1733
1735
1745
1747
1759
1762
1767
1773
1774
1777
1778
1801
1804
1814
1818
1820
1821
1830
1831
1845
1848
1854
1855
1870
1872
1876
1881
1885
1892
1894
1895
1911
1922
1923
1932
1934
1937
1938
1942
1947
1957
1965
1968
1974
1977
2002
2009
2010
2019
2025
2031
2039
2051
2057
2097
2102
2109
2110
2113
2124
2126
2131
2134
2142
2144
2148
2152
2184
2186
2189
2199
2202
2205
2213
2228
2231
2243
2244
2249
2265
2266
2268
2269
2275
2283
2289
2290
2295
2300
2310
2313
2314
2321
2326
2327
2329
2330
2333
2336
2338
2342
2353
2355
2365
2368
2370
2371
2374
2382
2383
2390
2393
2404
2408
2410
2426
2436
2445
2451
2453
2455
2475
2478
2483
2484
2486
2490
2492
2495
2496
2497
2510
2515
2520
2539
2542
2544
2547
2554
2558
2572
2573
2576
2578
2582
2604
2605
2609
2612
2615
2618
2640
2645
2646
2649
2660
2664
2672
2675
2682
2694
2697
2700
2717
2739
2741
2750
2761
2766
2768
2770
2792
2803
2812
2825
2826
2828
2837
2839
2840
2853
2869
2875
2886
2891
2913
2916
2921
2937
2941
2945
2960
2963
2977
2981
3002
3006
3021
3025
3031
3035
3038
3052
3056
3086
3103
3105
3111
3128
3140
3141
3151
3195
3212
3214
3225
3226
3239
3257
3262
3263
3265
3272
3274
3288
3290
3297
3300
3315
3317
3322
3324
3325
3333
3335
3341
3344
3353
3355
3367
3370
3371
3373
3380
3388
3397
3408
3424
3427
3441
3443
3447
3460
3463
3464
3467
3473
3479
3482
3493
3498
3526
3531
3538
3543
3546
3552
3553
3554
3581
3592
3603
3606
3615
3616
3620
3626
3634
3636
3638
3641
3645
3651
3655
3665
3671
3672
3692
3703
3705
3713
3723
3724
3735
3740
3747
3752
3756
3766
3774
3775
3781
3784
3799
3801
3811
3816
3819
3825
3831
3842
3850
3858
3871
3872
3880
3895
3898
3907
3908
3911
3926
3950
3952
3960
3974
3983
3986
3991
4010
4015
4016
4020
4022
4027
4036
4047
4056
4067
4073
4083
4085
4089
4091
4099
4117
4124
4136
4141
4145
4147
4148
4151
4153
4160
4191
4205
4208
4218
4221
4227
4241
4245
4260
4262
4266
4279
4281
4287
4304
4307
4317
4322
4326
4340
4345
4364
4374
4391
4396
4402
4404
4405
4415
4425
4445
4447
4462
4465
4470
4496
4503
4509
4529
4532
4535
4549
4553
4558
4586
4591
4599
4604
4613
4614
4617
4623
4627
4630
4634
4637
4649
4653
4659
4661
4674
4684
4704
4710
4714
4715
4718
4723
4778
4782
4785
4789
4799
4807
4821
4829
4832
4855
4861
4862
4870
4871
4885
4892
4903
4917
4918
4927
4938
4941
4942
4946
4952
4958
4960
4973
4975
4980
4989
4999
5008
5010
5021
5043
5052
5062
5072
5080
5087
5088
5091
5093
5102
5110
5112
5135
5144
5160
5161
5166
5187
5193
5195
5202
5204
5207
5219
5250
5266
5281
5291
5294
5305
5319
5325
5341
5347
5348
5357
5358
5363
5365
5372
5381
5383
5405
5415
5418
5427
5429
5430
5447
5464
5480
5483
5484
5504
5512
5516
5523
5533
5541
5545
5548
5588
5600
5611
5614
5623
5626
5631
5636
5644
5660
5664
5670
5675
5676
5677
5686
5689
5692
5693
5697
5700
5714
5717
5728
5732
5738
5739
5744
5749
5756
5758
5777
5811
5812
5817
5819
5823
5824
5828
5834
5847
5853
5869
5870
5871
5875
5880
5926
5955
5961
5979
5994
5999
6011
6019
6024
6035
6042
6057
6064
6067
6070
6096
6099
6125
6126
6131
6138
6145
6150
6158
6170
6188
6189
6196
6201
6204
6221
6269
6270
6286
6287
6298
6299
6306
6326
6327
6330
6341
6343
6345
6346
6358
6359
6366
6373
6382
6406
6408
6420
6427
6429
6454
6470
6505
6515
6518
6534
6545
6589
6595
6609
6624
6633
6640
6678
6680
6684
6708
6739
6754
6770
6793
6810
6814
6830
6845
6847
6868
6875
6896
6900
6902
6926
6934
6938
6941
6946
6948
6957
6967
6986
