2
3
6
7
8
9
10
11
13
14
15
16
18
23
24
25
26
27
28
31
32
34
36
40
41
42
43
44
46
47
48
49
53
54
56
57
59
60
64
65
66
67
68
69
70
72
75
77
78
79
84
85
88
90
91
92
93
95
98
100
101
102
104
108
110
112
116
117
118
119
120
121
123
124
125
126
132
134
137
138
141
144
145
149
151
155
156
157
158
160
161
162
164
170
172
174
177
180
181
182
184
187
188
189
191
192
193
194
195
197
198
201
202
203
204
205
206
207
208
209
210
211
217
219
220
222
226
230
231
232
233
235
239
243
244
247
249
251
253
254
256
257
258
260
261
262
264
266
267
269
270
271
272
277
278
279
284
286
289
290
295
296
298
299
300
302
303
304
305
306
307
308
309
310
311
313
314
318
319
320
323
324
326
328
329
332
333
334
336
337
338
340
341
342
344
347
349
350
351
352
353
356
358
359
360
361
362
363
366
368
369
370
371
372
373
374
375
377
378
379
383
384
385
386
388
390
391
393
396
398
399
400
404
405
406
408
409
411
413
414
416
417
418
421
422
424
426
427
428
429
432
433
434
435
438
441
442
443
445
447
448
452
453
454
456
457
459
460
461
462
464
466
469
471
472
475
476
477
478
479
480
481
483
484
485
486
487
490
491
492
497
502
503
504
505
508
509
510
511
515
519
521
523
524
527
529
534
535
536
537
538
540
541
542
543
544
547
550
551
552
555
558
560
567
568
569
571
572
573
575
576
577
578
579
580
581
583
584
585
586
587
588
589
590
595
596
598
600
601
603
604
605
606
607
610
611
613
616
617
618
619
620
621
624
627
629
631
632
634
637
640
641
642
644
645
646
647
648
650
651
652
654
656
657
659
660
661
664
666
667
669
673
675
677
678
682
683
684
687
688
692
693
694
695
696
697
698
700
702
704
706
707
709
712
713
716
721
722
726
727
731
732
733
734
737
738
739
743
744
745
746
747
748
750
754
758
760
762
764
765
766
768
770
771
772
773
778
781
783
784
785
788
789
790
791
792
793
794
800
801
802
803
804
808
812
813
818
819
820
822
823
824
826
827
828
830
831
833
834
836
837
839
841
843
844
845
847
848
849
850
851
852
856
858
859
862
864
865
866
868
869
870
871
872
873
874
881
882
884
885
887
889
890
893
894
895
896
897
898
901
902
905
906
909
912
914
916
917
920
921
922
923
924
925
929
930
931
935
936
938
941
943
944
947
952
953
955
956
957
959
960
961
962
963
965
966
967
969
971
972
974
980
982
983
984
993
995
996
997
998
1002
1005
1007
1008
1009
1010
1011
1014
1015
1021
1022
1023
1024
1025
1026
1027
1028
1029
1030
1035
1037
1038
1040
1043
1045
1047
1050
1051
1052
1055
1057
1058
1059
1060
1063
1064
1066
1069
1071
1072
1073
1076
1077
1078
1079
1080
1082
1083
1086
1087
1092
1093
1096
1097
1099
1101
1106
1107
1108
1109
1112
1113
1114
1115
1117
1119
1120
1121
1122
1123
1124
1126
1133
1137
1140
1141
1142
1145
1148
1151
1152
1153
1155
1156
1157
1158
1160
1161
1164
1166
1167
1169
1170
1171
1172
1174
1178
1181
1186
1187
1188
1191
1193
1194
1198
1199
1200
1202
1203
1204
1208
1213
1215
1216
1217
1219
1220
1224
1227
1228
1229
1230
1231
1233
1234
1236
1237
1242
1243
1244
1245
1246
1247
1248
1251
1253
1256
1261
1264
1266
1267
1269
1270
1273
1275
1279
1280
1281
1283
1284
1285
1286
1287
1288
1290
1298
1304
1308
1311
1312
1314
1318
1321
1322
1325
1327
1329
1332
1334
1335
1338
1347
1348
1350
1351
1353
1354
1355
1356
1357
1359
1360
1362
1364
1365
1366
1369
1373
1375
1376
1377
1378
1379
1381
1383
1384
1386
1387
1388
1389
1391
1392
1395
1397
1398
1399
1403
1406
1407
1409
1413
1415
1416
1420
1421
1424
1426
1427
1429
1430
1431
1433
1434
1436
1437
1438
1439
1441
1444
1449
1451
1453
1454
1455
1456
1457
1459
1460
1466
1467
1469
1471
1473
1475
1476
1477
1478
1480
1483
1485
1489
1492
1493
1494
1498
1499
1500
1502
1503
1505
1506
1508
1510
1511
1512
1513
1515
1516
1517
1522
1525
1528
1529
1530
1531
1534
1539
1540
1546
1547
1549
1551
1552
1556
1561
1564
1566
1567
1568
1574
1577
1578
1581
1583
1585
1588
1589
1593
1595
1597
1598
1599
1602
1603
1604
1606
1609
1615
1616
1619
1622
1623
1624
1625
1629
1630
1633
1638
1639
1640
1641
1642
1645
1646
1647
1648
1649
1651
1652
1653
1654
1656
1657
1659
1661
1663
1665
1666
1667
1668
1677
1684
1685
1686
1689
1691
1694
1699
1700
1701
1702
1703
1705
1706
1707
1708
1709
1711
1713
1717
1718
1720
1724
1725
1728
1729
1730
1733
1735
1737
1742
1743
1745
1746
1747
1749
1751
1752
1758
1759
1761
1764
1767
1769
1770
1772
1773
1777
1778
1780
1781
1783
1784
1785
1786
1787
1788
1790
1793
1794
1798
1799
1800
1802
1804
1805
1808
1810
1812
1813
1816
1820
1821
1826
1829
1833
1836
1839
1840
1843
1850
1851
1852
1857
1858
1859
1862
1864
1867
1869
