1
2
4
6
7
10
12
13
14
15
16
17
18
19
21
22
23
24
25
26
27
28
30
31
32
34
35
36
37
39
40
41
42
44
45
48
49
50
51
55
56
57
58
59
60
61
63
64
66
67
68
69
70
71
73
76
77
78
79
80
82
84
85
88
91
92
93
94
95
97
98
99
101
102
104
105
106
109
110
112
113
114
115
116
117
119
122
123
124
126
127
131
132
133
134
135
136
139
140
142
143
144
146
149
150
151
152
158
159
160
161
162
163
164
167
169
170
171
172
174
175
182
183
185
187
188
189
190
191
192
193
194
195
196
197
198
199
200
201
202
204
206
207
208
209
210
214
215
216
217
218
219
223
224
225
227
228
230
232
233
236
238
240
242
243
244
245
246
249
250
252
253
254
255
256
257
258
259
260
261
264
265
266
267
268
270
271
272
274
275
276
281
283
285
286
287
289
290
291
292
294
298
299
301
302
303
304
306
308
310
312
313
316
319
324
325
327
328
330
332
333
334
335
340
342
343
344
345
346
349
350
351
353
355
356
357
359
363
365
367
368
369
370
371
372
374
375
376
377
378
380
381
383
384
385
386
388
389
390
391
393
396
397
398
399
400
401
402
403
404
406
407
408
409
410
412
415
416
417
418
420
421
423
424
425
429
430
431
432
433
434
437
438
439
440
442
443
448
449
450
451
452
453
455
457
458
459
460
461
463
464
465
467
468
469
470
471
472
473
474
475
476
477
481
483
484
486
487
488
490
491
493
494
495
497
499
500
501
503
504
505
507
508
509
510
511
513
517
519
520
521
522
525
526
528
530
533
534
536
541
543
544
545
546
547
549
554
555
556
557
558
559
560
562
563
565
566
567
569
570
572
573
575
576
577
578
581
582
583
584
585
586
587
588
589
590
591
594
597
599
600
601
602
603
605
606
607
608
609
610
612
614
615
619
620
622
623
624
625
627
628
629
630
631
634
635
636
637
638
639
640
643
645
646
648
649
650
654
655
657
659
660
662
663
664
666
667
668
669
670
673
675
676
677
678
681
682
683
684
685
686
687
688
689
691
692
693
696
698
699
700
701
703
705
706
708
709
713
715
716
718
719
720
723
724
725
726
729
730
732
734
737
739
740
742
743
746
747
748
749
750
751
753
754
755
757
759
761
762
763
767
769
771
774
777
783
785
787
788
789
791
793
794
795
796
797
798
800
802
804
805
808
809
810
813
814
815
816
819
820
821
822
823
825
827
828
830
832
833
834
835
837
838
839
840
843
844
845
847
848
849
850
851
854
855
856
857
858
859
860
862
864
865
867
868
869
871
873
875
878
879
880
881
882
884
885
886
887
888
891
892
893
894
895
897
899
900
901
902
905
907
908
909
911
912
913
914
915
917
918
919
920
923
925
928
929
931
934
937
939
941
942
943
944
945
949
950
951
953
954
955
956
957
958
959
960
963
966
967
969
971
972
975
976
980
981
982
986
987
990
991
992
993
994
997
998
999
1001
1003
1007
1008
1009
1014
1015
1017
1018
1020
1022
1023
1024
1026
1027
1028
1033
1038
1039
1040
1041
1043
1044
1046
1049
1053
1054
1055
1056
1057
1058
1060
1061
1062
1066
1067
1070
1071
1072
1073
1077
1080
1082
1083
1084
1086
1087
1090
1092
1093
1094
1095
1097
1098
1105
1106
1109
1112
1114
1115
1116
1117
1120
1122
1123
1124
1125
1127
1128
1129
1133
1134
1135
1136
1137
1138
1139
1140
1141
1142
1143
1144
1145
1146
1147
1148
1149
1150
1151
1152
1156
1157
1159
1160
1162
1166
1168
1170
1171
1174
1175
1176
1177
1178
1180
1181
1182
1183
1185
1187
1188
1191
1194
1195
1198
1203
1204
1206
1207
1208
1210
1211
1213
1214
1217
1218
1219
1221
1222
1223
1226
1227
1228
1233
1236
1238
1239
1240
1243
1246
1247
1248
1251
1253
1255
1256
1257
1259
1260
1264
1266
1269
1270
1271
1272
1274
1275
1276
1277
1280
1281
1282
1283
1284
1285
1286
1287
1293
1294
1295
1296
1297
1298
1299
1301
1305
1306
1307
1308
1309
1310
1311
1313
1314
1315
1317
1318
1321
1324
1326
1328
1331
1332
1336
1339
1342
1343
1344
1346
1349
1351
1352
1353
1354
1358
1359
1361
1363
1365
1366
1367
1369
1372
1373
1374
1376
1377
1378
1379
1380
1381
1382
1383
1384
1387
1390
1392
1393
1394
1396
1398
1403
1404
1409
1413
1414
1415
1416
1423
1424
1427
1429
1430
1431
1432
1433
1436
1437
1439
1440
1441
1442
1443
1444
1447
1448
1449
1451
1452
1453
1454
1455
1458
1459
1460
1463
1465
1467
1468
1470
1472
1473
1474
1476
1477
1481
1485
1486
1487
1489
1490
1491
1492
1493
1494
1496
1498
1499
1500
1501
1503
1504
1505
1506
1507
1508
1509
1510
1512
1514
1515
1518
1521
1522
1523
1526
1527
1529
1530
1534
1535
1536
1537
1538
1539
1540
1541
1542
1544
1545
1546
1547
1548
1550
1552
1553
1554
1555
1557
1559
1561
1562
1563
1564
1565
1566
1568
1569
1570
1571
1572
1573
1574
